function u0=pdeca_campIC(x)
%r1 = rand(1,length(x));
% u0 = 2*[1; 0.05; 0.1; 0.5]*r1;
u0 = [0.964595079733769;0.0453920254752523;0.0907840509505045;0.643063386489180];